224.1834291
200.1177843
186.8120871
186.1915267
177.959575
162.581434
144.3066064
126.6961465
111.8671059
100.6615535
93.08754359
88.62968366
86.47086698
85.71536148
85.54206828
85.27790643
84.45758674
82.82932827
80.31189033
76.97792909
72.99698989
68.60016161
64.04161561
59.55286742
55.33839144
51.54914034
48.28740802
45.60381092
43.49930161
41.93902568
40.85816193
40.1670407
39.7717641
39.57024615
39.47363268
39.40379078
39.2907169
39.08294868
38.7448515
38.26219213
37.63176472
36.86085083
35.97063053
34.98478242
33.93265494
32.84344038
31.7516749
30.68054506
29.65927439
28.70977863
27.84535984
27.07916788
26.41277246
25.84819879
25.38095739
25.00641349
24.71423626
24.49184819
24.32761092
24.21066885
24.13007721
24.07127249
24.02361543
23.98280535
23.93776463
23.88368447
23.81847638
23.73795519
23.64243178
23.53041195
23.40258196
23.26195858
23.11074751
22.95388857
22.79319379
22.63302504
22.47317123
22.3186474
22.17185779
22.034341
21.90774622
21.79250842
21.68747596
21.59558919
21.51612783
21.44792601
21.38890058
21.33733153
21.29100255
21.24957637
21.21242828
21.17743973
21.14279642
21.10968367
21.07566935
21.0402302
21.00260874
20.9626452
20.92034389
20.87487216
20.82643163
20.77479622
20.7208695
20.6638861
20.60472943
20.54466294
20.48300274
20.42116461
20.35948237
20.2987743
20.24005382
20.18295573
20.12841353
20.07681312
20.02684884
19.97830964
19.93101794
19.88565804
19.84378293
19.80331707
19.76375319
19.72463841
19.68625596
19.6483621
19.60917201
19.57102274
19.53056728
19.4904219
19.44735787
19.40306268
19.35607593
19.30749473
19.2559838
19.20203745
19.14625116
19.08862478
19.02825108
18.96727796
18.90521628
18.84123541
18.77813636
18.71471702
18.65030897
18.58672418
18.52420096
18.46206434
18.4008874
18.3406516
18.28128325
18.2245752
18.17044933
18.11848189
18.06852547
18.02100746
17.97621426
17.93356872
17.89303808
17.85543751
17.82040182
17.78688487
17.75486337
17.72626601
17.6986011
17.6716148
17.64516775
17.61895848
17.59272599
17.56620207
17.53891952
17.50976395
17.47928612
17.44735765
17.41322829
17.37734743
17.34100398
17.30348358
17.26397753
17.22261406
17.17890806
17.13284675
17.08443036
17.03404587
16.98207078
16.9283369
16.8733395
16.81599453
16.75822056
16.69909143
16.63971547
16.57995454
16.51893083
16.45887093
16.39920196
16.34070681
16.28354073
16.22734608
16.1715242
16.11841361
16.06736981
16.01838758
15.97091061
15.92546445
15.88268619
15.84083992
15.80120899
15.76286401
15.72609701
15.69064505
15.65597323
15.62330838
15.59174616
15.56161434
15.53273141
15.50493456
15.47790743
15.45093425
15.42626115
15.40202696
15.37807193
15.3538387
15.32949587
15.30515097
15.28061813
15.25573081
15.23066564
15.20499797
15.17859595
15.15099428
15.12330758
15.09468881
15.06505735
15.03430305
15.00388969
14.97435007
14.94395256
14.91258965
14.88016509
14.84728843
14.81414404
14.78082464
14.74721357
14.71311122
14.6784301
14.64266538
14.60681847
14.57095711
14.53490745
14.49931289
14.46401409
14.42928222
14.3947129
14.36085075
14.32752115
14.29491496
14.26298699
14.23207821
14.20222936
14.17338344
14.14498747
14.11760295
14.09116448
14.06577229
14.04110268
14.01711736
13.99398183
13.97149564
13.94970415
13.92857311
13.90830308
13.88944075
13.87127291
13.85370854
13.83627691
13.82018702
13.80452917
13.78887183
13.77332463
13.75805404
13.74313624
13.72853602
13.71408504
13.69978365
13.68638965
13.6731793
13.65999553
13.64631174
13.63302766
13.61968806
13.60637135
13.59317692
13.57979791
13.56617941
13.55254304
13.53872035
13.52514697
13.511482
13.49775049
13.48390798
13.46997279
13.45589531
13.44165147
13.42720314
13.41251114
13.39768336
13.38275869
13.36771619
13.35267268
13.33760535
13.32247382
13.30725063
13.29186964
13.27641045
13.26070595
13.24510659
13.22961471
13.21443952
13.1994717
13.18467951
13.17006227
13.15544718
13.14131208
13.12719811
13.11378035
13.1005339
13.08748177
13.07516245
13.06364055
13.05231677
13.04128439
13.03040212
13.01978286
13.00936736
12.99896332
12.9887823
12.97896207
12.96930407
12.95979988
12.95080141
12.94197916
12.93351749
12.92522804
12.91714392
12.90926528
12.90158102
12.89397933
12.88643518
12.8789643
12.87142847
12.86435987
12.85876583
12.85323365
12.8477635
12.84228091
12.83675375
12.83148669
12.8261614
12.82094767
12.81572975
12.81062652
12.80574954
12.80074876
12.79551741
12.79031676
12.78513789
12.78001888
12.77499343
12.76994702
12.76499838
12.76013862
12.75529811
12.75050423
12.74583957
12.74130463
12.7368597
12.73243795
12.72804034
12.72375161
12.71949138
12.71525846
12.71105358
12.70687733
12.70273079
12.69864602
12.69473478
12.69090383
12.68713105
12.68339629
12.67971507
12.6761479
12.67267721
12.66927623
12.66600121
12.66276823
12.65957667
12.65642595
12.65354991
12.65082163
12.64813899
12.64549291
12.64288973
12.64033195
12.63781051
12.6353233
12.63292182
12.63058042
12.62827327
12.6259996
12.62375861
12.62154945
12.61937126
12.61722314
12.61510417
12.61301336
12.61093713
12.60888726
12.6068629
12.60486322
12.60288739
12.60094099
12.59901893
12.59711834
12.59523849
12.59338148
12.59155608
12.58977127
12.58800449
12.58623273
12.58438969
12.58265677
12.58094742
12.57926082
12.57760278
12.57596772
12.57435354
12.57275975
12.57118592
12.56964835
12.56813736
12.56664062
12.56516395
12.56370693
12.56226916
12.56084971
12.55944849
12.55806599
12.55670185
12.55535571
12.55404659
12.55275679
12.55148378
12.55022634
12.54896633
12.54772274
12.54649519
12.54528332
12.54408675
12.54290509
12.54173797
12.54058504
12.53944591
12.53832023
12.53719876
12.53606698
12.53494896
12.53384923
12.53277057
12.53170751
12.53066161
12.52962798
12.52860626
12.5275961
12.52659717
12.52560913
12.52461645
12.52363126
12.52265617
12.5216909
12.52073517
12.51979541
12.51892355
12.51806669
12.51721751
12.5163758
12.51554133
12.51471873
12.51390537
12.51309866
12.51229841
12.51150973
12.51073423
12.5099641
12.50919921
12.50843942
12.50768562
12.50693786
12.50619573
12.50545909
12.50472776
12.50400157
12.50328036
12.50256399
12.50185231
12.5011452
12.50044253
12.49974418
12.49905004
12.49836006
12.49767421
12.4969924
12.49631456
12.49564059
12.49497047
12.49430415
12.49364157
12.49298266
12.49232736
12.49167561
12.49102735
12.49049882
12.49001519
12.48953377
12.48905934
12.48858595
12.48811357
12.48764216
12.48717172
12.48670224
12.48623372
12.48576616
12.48529956
12.48483392
12.48436926
12.48390556
12.48344283
12.48298106
12.48252026
12.4820604
12.48160149
12.48114353
12.48068649
12.48023038
12.47977518
12.47932089
12.4788668
12.47841381
12.47796176
12.47751058
12.47706024
12.4766107
12.47616194
12.47571393
12.47526675
12.47482139
12.47437023
12.47385372
12.47333822
12.47282374
12.47231025
12.47179776
12.47128627
12.47077577
12.47026639
12.4697646
12.46926388
12.46877469
12.46828802
12.46780278
12.46731895
12.46683653
12.46635551
12.46587588
12.46539763
12.46492076
12.46444525
12.46397111
12.46349832
12.46302688
12.46255679
12.46208803
12.46162061
12.46115452
12.46068975
12.4602263
12.45976417
12.45930336
12.45884385
12.45838566
12.45792877
12.45747318
12.45701889
12.4565666
12.45617132
12.45580438
12.4554386
12.45507399
12.45471055
12.4543483
12.45398722
12.45362731
12.45326858
12.45291103
12.45255465
12.45219944
12.4518454
12.45149253
12.45114082
12.45079027
12.45044087
12.45009264
12.44974555
12.44939962
12.44905483
12.44871119
12.44836869
12.44802733
12.44768761
12.44735093
12.44701538
12.44668095
12.44634765
12.44601547
12.44568439
12.44535443
12.44502558
12.44469783
12.44437118
12.44404563
12.44372117
12.4433978
12.44307532
12.44275364
12.44243304
12.44211353
12.4417951
12.44147774
12.44116146
12.44084626
12.44053211
12.44021904
12.43990703
12.43959607
12.43928617
12.43897732
12.43866951
12.43836275
12.43805703
12.43775235
12.4374487
12.43714609
12.43684449
12.43654393
12.43624438
12.43594584
12.43564832
12.43535181
12.43505631
12.43476166
12.43446777
12.43417482
12.4338828
12.43359171
12.43330322
12.4330175
12.43273271
12.43244884
12.43216589
12.4318852
12.43161161
12.43133889
12.43106704
12.43079607
12.43052596
12.43025671
12.42998832
12.42972078
12.42945409
12.42918826
12.42892326
12.42865911
12.42839579
12.42813331
12.42787166
12.42761084
12.42735084
12.42709167
12.42683365
12.42657743
12.42632202
12.42606742
12.42581362
12.42556062
12.42530843
12.42505702
12.42480642
12.4245566
12.42430757
12.42405932
12.42381185
12.42356517
12.42331926
12.42307412
12.42282975
12.42258614
12.42234331
12.42210125
12.42185996
12.42161943
12.42138039
12.42114259
12.42090684
12.42067212
12.42043815
12.42020492
12.41997243
12.41974069
12.41950967
12.41927939
12.41904983
12.41882099
12.41859287
12.41836547
12.41813878
12.41791304
12.41768888
12.41746541
12.41724263
12.41702055
12.41679915
12.41657843
12.41635839
12.41613903
12.41592034
12.41570233
12.41548498
12.4152683
12.41505228
12.41483692
12.41462222
12.41440817
12.41419478
12.41398203
12.41376993
12.41355847
12.41334765
12.41313747
12.41292792
12.41271901
12.41251073
12.41230307
12.41209604
12.41188963
12.41168384
12.41147867
12.41127411
12.41107016
12.41086683
12.4106641
12.41046197
12.41026045
12.41005953
12.4098592
12.40965947
12.40946034
12.40926179
12.40906383
12.40886646
12.40866967
12.40847346
12.40827783
12.40808278
12.4078883
12.40769439
12.40750106
12.40730829
12.40711609
12.40692445
12.40673337
12.40654286
12.40635289
12.40616349
12.40597464
12.40578633
12.40559858
12.40541138
12.40522471
12.4050386
12.40485302
12.40466798
12.40448348
12.40429951
12.40411608
12.40393318
12.40375081
12.40356896
12.40338764
12.40320685
12.40302658
12.40284682
12.40266759
12.40248887
12.40231067
12.40213298
12.4019558
12.40177913
12.40160296
12.40142731
12.40125216
12.40107751
12.40090336
12.40072971
12.40055656
12.4003839
12.40021174
12.40004007
12.39986889
12.3996982
12.39955407
12.39944345
12.39933311
12.39922304
12.39911324
12.39900371
12.39889444
12.39878544
12.39867671
12.39856824
12.39846004
12.3983521
12.39824442
12.398137
12.39802984
12.39792294
12.39781629
12.39770991
12.39760378
12.3974979
12.39739228
12.39728691
12.3971818
12.39707694
12.39697233
12.39686797
12.39676385
12.39665999
12.39655638
12.39645301
12.39634989
12.39624702
12.39614439
12.39604201
12.39593987
12.39583797
12.39573632
12.39563491
12.39553374
12.39543282
12.39533213
12.39523168
12.39513148
12.39503151
12.39493177
12.39483228
12.39473302
12.394634
12.39453521
12.39443666
12.39433834
12.39424026
12.39414241
12.39404478
12.3939474
12.39385024
12.39375331
12.39365661
12.39356013
12.39346389
12.39336787
12.39327208
12.39318275
12.39309724
12.39301195
12.39292687
12.39284202
12.3927575
12.39267368
12.39259007
12.39250668
12.3924235
12.39234053
12.39225778
12.39217524
12.39209291
12.39201079
12.39192888
12.39184718
12.39176568
12.3916844
12.39160332
12.39152245
12.39144179
12.39136132
12.39128107
12.39120102
12.39112117
12.39104152
12.39096207
12.39088283
12.39080378
12.39072494
12.39064629
12.39056785
12.39048959
12.39041154
12.39033368
12.39025602
12.39017855
12.39010128
12.3900242
12.38994731
12.38987062
12.38979411
12.3897178
12.38964167
12.38956574
12.38948999
12.38941444
12.38933907
12.38926388
12.38918888
12.38911407
12.38903944
12.388965
12.38889074
12.38881666
12.38874277
12.38866905
12.38859552
12.38852217
12.388449
12.3883738
12.38829776
12.38822195
12.38814636
12.38807099
12.38799584
12.38792091
12.3878462
12.38777171
12.38769743
12.38762337
12.38754952
12.38747589
12.38740246
12.38732925
12.38725625
12.38718345
12.38711087
12.38703848
12.38696631
12.38689434
12.38682257
12.38675101
12.38667965
12.38660848
12.38653752
12.38646676
12.3863962
12.38632583
12.38625566
12.38618568
12.3861159
12.38604632
12.38597692
12.38590772
12.38583871
12.3857699
12.38570127
12.38563283
12.38556458
12.38549652
12.38542864
12.38536095
12.38529345
12.38522613
12.38515899
12.38509204
12.38502528
12.38495869
12.38489228
12.38482606
12.38476002
12.38469415
12.38462846
12.38456296
12.38449762
12.38443247
12.38436749
12.38430269
12.38423806
12.38417361
12.38410933
