-0.020212323
-0.020212323
-0.020212323
-0.020212323
-0.020212323
-0.020212323
-0.020212323
-0.004500224
-0.004500224
-0.004500224
-0.004500224
-0.004500224
-0.004500224
-0.004500224
-0.004500224
-0.004500224
-0.004500224
-0.004500224
-0.004500224
-0.004500224
-0.004500224
-0.004500224
-0.004500224
-0.004500224
-0.004500224
-0.004500224
-0.004500224
-0.004500224
-0.004500224
-0.004500224
-0.004500224
-0.004500224
-0.004500224
-0.004500224
-0.004500224
-0.004500224
-0.004500224
-0.004500224
-0.004500224
-0.004500224
-0.004500224
-0.004500224
-0.004500224
-0.004500224
-0.004500224
-0.004500224
-0.004500224
-0.004500224
-0.004500224
-0.004500224
-0.004500224
-0.004500224
-0.004500224
-0.004500224
-0.004500224
-0.004500224
-0.004500224
-0.004500224
-0.004500224
-0.004500224
-0.004500224
-0.004500224
-0.004500224
-0.004500224
-0.004500224
-0.004500224
-0.004500224
-0.004500224
-0.004500224
-0.004500224
-0.004500224
-0.004500224
-0.004500224
-0.004500224
-0.004500224
-0.004500224
-0.004500224
-0.004500224
-0.004500224
-0.004500224
-0.004500224
-0.004500224
-0.004500224
-0.004500224
-0.004500224
-0.004500224
-0.004500224
-0.004500224
-0.004500224
-0.004500224
-0.004500224
-0.004500224
-0.004500224
-0.004500224
-0.004500224
-0.004500224
-0.004500224
-0.004500224
-0.004500224
-0.004500224
-0.004500224
-0.004500224
-0.004500224
-0.004500224
-0.004500224
-0.004500224
-0.014610072
-0.014610072
-0.014610072
-0.014610072
-0.014610072
-0.014610072
-0.014610072
-0.014610072
-0.014610072
-0.014610072
-0.014610072
-0.014610072
-0.014610072
-0.014610072
-0.014610072
-0.014610072
-0.014610072
-0.014610072
-0.014610072
-0.014610072
-0.014610072
-0.014610072
-0.014610072
-0.014610072
-0.014610072
-0.014610072
-0.014610072
-0.014610072
-0.014610072
-0.014610072
-0.014610072
-0.014610072
-0.014610072
-0.014610072
-0.014610072
-0.014610072
-0.014610072
-0.014610072
-0.014610072
-0.014610072
-0.014610072
-0.014610072
-0.014610072
-0.014610072
-0.013720867
-0.013720867
-0.013720867
-0.013720867
-0.013720867
-0.013720867
-0.013720867
-0.013720867
-0.013720867
-0.013720867
-0.013720867
-0.013720867
-0.013720867
-0.013720867
0.012132544
0.012132544
0.012132544
0.012132544
0.012132544
0.012132544
0.012132544
0.012132544
0.012132544
0.012132544
0.012132544
0.012132544
0.012132544
0.012132544
0.012132544
0.012132544
0.012132544
0.012132544
0.012132544
0.012132544
-0.009138832
-0.009138832
-0.009138832
-0.009138832
-0.009138832
-0.009138832
-0.009138832
-0.009138832
-0.009138832
-0.009138832
-0.009138832
-0.016820845
-0.016820845
-0.016820845
-0.016820845
-0.016820845
-0.016820845
-0.016820845
-0.016820845
-0.016820845
-0.016820845
-0.016820845
-0.016820845
-0.016820845
-0.016820845
-0.016820845
-0.016820845
-0.016820845
-0.016820845
-0.016820845
-0.016820845
-0.016820845
-0.016820845
-0.016820845
-0.016820845
-0.016820845
-0.016820845
-0.016820845
-0.016820845
-0.016820845
-0.016820845
-0.016820845
-0.016820845
0.001437094
0.001437094
0.001437094
0.001437094
0.001437094
0.001437094
0.001437094
0.001437094
0.001437094
0.001437094
0.027911703
0.027911703
0.027911703
0.027911703
0.027911703
0.027911703
0.027911703
0.052426101
0.052426101
0.052426101
0.052426101
0.157236338
0.492233184
0.492233184
0.492233184
0.492233184
0.492233184
0.494013974
0.503501464
0.503501464
0.510084293
0.510084293
0.510084293
0.510084293
0.593250488
0.593250488
0.593250488
0.593250488
0.593250488
0.621585779
0.621585779
0.621585779
0.621585779
0.621585779
0.621585779
0.621585779
0.621585779
0.621585779
0.621585779
0.621585779
0.621585779
0.621585779
0.621585779
0.621585779
0.621585779
0.621585779
0.621585779
0.66682318
0.66682318
0.66682318
0.66682318
0.66682318
0.66682318
0.66682318
0.66682318
0.66682318
0.66682318
0.669614315
0.69212441
0.69212441
0.69212441
0.69212441
0.69212441
0.69212441
0.69212441
0.69212441
0.69212441
0.69212441
0.69212441
0.708725865
0.708725865
0.708725865
0.708725865
0.744212767
0.744212767
0.744212767
0.744212767
0.798141953
0.798141953
0.798141953
0.798141953
0.798141953
0.798141953
0.798141953
0.798141953
0.798141953
0.798141953
0.798141953
0.798141953
0.798141953
0.798141953
0.798141953
0.814309035
0.814309035
0.814309035
0.814309035
0.814309035
0.814309035
0.814309035
0.814309035
0.818753013
0.860887199
0.860887199
0.860887199
0.877349336
0.877349336
0.877349336
0.877349336
0.905475801
0.905475801
0.905475801
0.905475801
0.905475801
0.905475801
0.905475801
0.905475801
0.905475801
0.905475801
0.905475801
0.947846138
0.947846138
0.947846138
0.948398592
0.963826716
0.963826716
0.991106087
0.991106087
0.991106087
0.991106087
0.991106087
0.991106087
0.991106087
0.991106087
0.991106087
0.991106087
0.991106087
0.991106087
0.991106087
0.991106087
0.991106087
1.043161727
1.043161727
1.043161727
1.047083527
1.047083527
1.047083527
1.047083527
1.047083527
1.047083527
1.047083527
1.091102567
1.091102567
1.091102567
1.091102567
1.091102567
1.091102567
1.091102567
1.096956592
1.096956592
1.096956592
1.122760742
1.126013864
1.140633161
1.140633161
1.140633161
1.140633161
1.140633161
1.140633161
1.140633161
1.140633161
1.140633161
1.140633161
1.140633161
1.140633161
1.140633161
1.140633161
1.140633161
1.140633161
1.140633161
1.140633161
1.140633161
1.140633161
1.140633161
1.140633161
1.140633161
1.140633161
1.140633161
1.140633161
1.140633161
1.140633161
1.140633161
1.180399325
1.182929209
1.228713579
1.228713579
1.228713579
1.234450154
1.234450154
1.234450154
1.234450154
1.234450154
1.234450154
1.234450154
1.234450154
1.234450154
1.234450154
1.234450154
1.234450154
1.234450154
1.234450154
1.234450154
1.272606202
1.272606202
1.272606202
1.272606202
1.272606202
1.272606202
1.339642664
1.339642664
1.339642664
1.339642664
1.339642664
1.339642664
1.339642664
1.339642664
1.339642664
1.339642664
1.339642664
1.339642664
1.339642664
1.339642664
1.339642664
1.339642664
1.379020269
1.379020269
1.379020269
1.379020269
1.379020269
1.379020269
1.387390394
1.387390394
1.408776893
1.408776893
1.408776893
1.408776893
1.408776893
1.408776893
1.408776893
1.408776893
1.408776893
1.408776893
1.408776893
1.408776893
1.408776893
1.408776893
1.408776893
1.408776893
1.408776893
1.408776893
1.408776893
1.408776893
1.408776893
1.408776893
0.894772067
0.894772067
0.894772067
0.838185455
0.838185455
0.838185455
0.838185455
0.838185455
0.838185455
0.838185455
0.767045458
0.767045458
0.767045458
0.767045458
0.767045458
0.766907606
0.766907606
0.766907606
0.766907606
0.766907606
0.766907606
0.766907606
0.766907606
0.766907606
0.766907606
0.766907606
0.766907606
0.766907606
0.766907606
0.766907606
0.766907606
0.766907606
0.766907606
0.766907606
0.766907606
0.766907606
0.766907606
0.766907606
0.766907606
0.766907606
0.766907606
0.766907606
0.766907606
0.766907606
0.731759461
0.731759461
0.722429678
0.706272423
0.706272423
0.706272423
0.407626848
0.295381669
0.295381669
0.295381669
0.295381669
0.295381669
0.295381669
0.295381669
0.295381669
0.295381669
0.295381669
0.295381669
0.295381669
0.262029187
0.262029187
0.262029187
0.262029187
0.262029187
0.262029187
0.24549158
0.24549158
0.24549158
0.24549158
0.24549158
0.24549158
0.24549158
0.24549158
0.24549158
0.24549158
0.24549158
0.24549158
0.22845059
0.22845059
0.22845059
0.22845059
0.22845059
0.22845059
0.22845059
0.22845059
0.22845059
0.22845059
0.216715726
0.216715726
0.216715726
0.216715726
0.216715726
0.216715726
0.216715726
0.216715726
0.216715726
0.216715726
0.216715726
0.216715726
0.216715726
0.216715726
0.216715726
0.216715726
0.216715726
0.216715726
0.216715726
0.216715726
0.216715726
0.216715726
0.216715726
0.216715726
0.216715726
0.216715726
0.216715726
0.216715726
0.216715726
0.216715726
0.216715726
0.216715726
0.216715726
0.216715726
0.216715726
0.216715726
0.216715726
0.216715726
0.216715726
0.216715726
0.216715726
0.216715726
0.216715726
0.216715726
0.216715726
0.216715726
0.216715726
0.216715726
0.216715726
0.216715726
0.216715726
0.216715726
0.216715726
0.215323274
0.182066412
0.182066412
0.182066412
0.182066412
0.182066412
0.182066412
0.182066412
0.182066412
0.182066412
0.182066412
0.182066412
0.182066412
0.182066412
0.182066412
0.182066412
0.182066412
0.182066412
0.182066412
0.182066412
0.182066412
0.182066412
0.182066412
0.182066412
0.182066412
0.182066412
0.182066412
0.182066412
0.182066412
0.182066412
0.182066412
0.182066412
0.182066412
0.182066412
0.182066412
0.182066412
0.182066412
0.17679157
0.158708296
0.158708296
0.158708296
0.158708296
0.158708296
0.158708296
0.158708296
0.158708296
0.158708296
0.158708296
0.158708296
0.158708296
0.158708296
0.158708296
0.158708296
0.158708296
0.158708296
0.158708296
0.158708296
0.158708296
0.158708296
0.158708296
0.158708296
0.158708296
0.158708296
0.158708296
0.158708296
0.158708296
0.158708296
0.158708296
0.158708296
0.158708296
0.158708296
0.158708296
0.158708296
0.158708296
0.158708296
0.158708296
0.158708296
0.152390045
0.152390045
0.152390045
0.152390045
0.152390045
0.152390045
0.152390045
0.152390045
0.152385218
0.152385218
0.152385218
0.152385218
0.152385218
0.152385218
0.152385218
0.152385218
0.152385218
0.152385218
0.152385218
0.152385218
0.152385218
0.152385218
0.152385218
0.152385218
0.152385218
0.152385218
0.152385218
0.152385218
0.152385218
0.152385218
0.152385218
0.152385218
0.152385218
0.152385218
0.152385218
0.152385218
0.152385218
0.152385218
0.152385218
0.152385218
0.152385218
0.152385218
0.152385218
0.152385218
0.152385218
0.152385218
0.152385218
0.152385218
0.152385218
0.152385218
0.152385218
0.152385218
0.152385218
0.152385218
0.152385218
0.149655507
0.149655507
0.149655507
0.149655507
0.149655507
0.149655507
0.149655507
0.149655507
0.149655507
0.149655507
0.149655507
0.149655507
0.149655507
0.149655507
0.149655507
0.149655507
0.149655507
0.135682106
0.135682106
0.135682106
0.135682106
0.135682106
0.135682106
0.135682106
0.135682106
0.12160919
0.12160919
0.12160919
0.12160919
0.12160919
0.12160919
0.12160919
0.12160919
0.12160919
0.12160919
0.12160919
0.12160919
0.12160919
0.12160919
0.12160919
0.12160919
0.12160919
0.12160919
0.12160919
0.12160919
0.12160919
0.12160919
0.12160919
0.12160919
0.12160919
0.12160919
0.12160919
0.12160919
0.12160919
0.12160919
0.12160919
0.12160919
0.12160919
0.12160919
0.12160919
0.12160919
0.12160919
0.12160919
0.12160919
0.12160919
0.12160919
0.12160919
0.12160919
0.12160919
0.12160919
0.096238825
0.096238825
0.096238825
0.096238825
0.096238825
0.096238825
0.096238825
0.096238825
0.096238825
0.096238825
0.06845788
0.06845788
0.06845788
0.06845788
0.06845788
0.06845788
0.06845788
0.06845788
0.06845788
0.06845788
0.06845788
0.06845788
0.06845788
0.06845788
0.06845788
0.06845788
0.06845788
0.06845788
0.06845788
0.06845788
0.06845788
0.06845788
0.06845788
0.06845788
0.06845788
0.06845788
0.06845788
0.06845788
0.06845788
0.06845788
0.06845788
0.06845788
0.06845788
0.06845788
0.06845788
0.06845788
0.06845788
0.06845788
0.06845788
0.06845788
0.06845788
0.06845788
0.06845788
0.06845788
0.06845788
0.06845788
0.06845788
0.06845788
0.06845788
0.06845788
0.06845788
0.06845788
0.06845788
0.06845788
0.06845788
0.06845788
0.06845788
0.06845788
0.06845788
0.06845788
0.06845788
0.06845788
0.06845788
0.06845788
0.035626813
0.035626813
0.035626813
0.035626813
0.035626813
0.035626813
0.035626813
0.035626813
0.035626813
0.035626813
0.035626813
0.035626813
0.035626813
0.035626813
0.035626813
0.035626813
0.035626813
0.035626813
0.035626813
0.035626813
0.035626813
0.035626813
0.035626813
0.035626813
0.035626813
0.035626813
0.035626813
0.005899752
0.005899752
-0.002842341
-0.002842341
-0.002842341
-0.002842341
-0.002842341
-0.002842341
-0.002842341
-0.002842341
-0.002842341
-0.002842341
-0.002842341
-0.002842341
-0.002842341
-0.002842341
-0.002842341
-0.002842341
-0.002842341
-0.002842341
-0.002842341
-0.002842341
-0.002842341
-0.002842341
-0.002842341
-0.002842341
-0.002842341
-0.002842341
-0.002842341
-0.002842341
-0.002842341
-0.002842341
-0.002842341
-0.002842341
-0.002842341
-0.002842341
-0.002842341
-0.002842341
-0.002842341
-0.002842341
-0.002842341
-0.002842341
-0.002842341
-0.002842341
-0.002842341
-0.002842341
-0.002842341
-0.002842341
-0.002842341
-0.002842341
-0.002842341
-0.002842341
-0.002842341
