2.240307768698570214e+02
1.999445126000694017e+02
1.875617149471662799e+02
1.872227038253265334e+02
1.807495246693754041e+02
1.667699822839112755e+02
1.488568623326885358e+02
1.308366548524449229e+02
1.153551544129176989e+02
1.036416113745178507e+02
9.581960197181201977e+01
9.132816270661628266e+01
8.924284938213095586e+01
8.856528498284681916e+01
8.840839754575314657e+01
8.808991054632298301e+01
8.713894847323361148e+01
8.533639560366393084e+01
8.263138496734102034e+01
7.911546846899182128e+01
7.498236270719556273e+01
7.047314605850152702e+01
6.583969484462103594e+01
6.131802839355184886e+01
5.710001330970877120e+01
5.332949715155526604e+01
5.010491351372854751e+01
4.746375592641771135e+01
4.540150387466120208e+01
4.387727480847264871e+01
4.282929060365543705e+01
4.215934136257170906e+01
4.177563918774377072e+01
4.157979085743498615e+01
4.148138881844107573e+01
4.140437421416569919e+01
4.127900191497394644e+01
4.105762785975189644e+01
4.071119545736678447e+01
4.022090074671214666e+01
3.958277973446863740e+01
3.880533278494694827e+01
3.790723590973334467e+01
3.691033988851449266e+01
3.584617446397038520e+01
3.474452386076372790e+01
3.363399694947711538e+01
3.254972368853675846e+01
3.151357009537492715e+01
3.054391128382632203e+01
2.965880811136500128e+01
2.886891240127360447e+01
2.818088474898370421e+01
2.759560907289374043e+01
2.711102633883817248e+01
2.671930502654704043e+01
2.641188034771694149e+01
2.617846048086053656e+01
2.600716887527310917e+01
2.588266823017899299e+01
2.579350419374589620e+01
2.572881983899313241e+01
2.567873131504843087e+01
2.563241288273310658e+01
2.558028849108745462e+01
2.551781016424560278e+01
2.543867519133268473e+01
2.534041314284326063e+01
2.522112454804656778e+01
2.508140724324106330e+01
2.492147190774618792e+01
2.474580655309684829e+01
2.455530314712076745e+01
2.435574301928957297e+01
2.414935203143779674e+01
2.393952449987877884e+01
2.372996443723893023e+01
2.352520274379290299e+01
2.332861312962150180e+01
2.314298185048805578e+01
2.296898983803990646e+01
2.281087172573939981e+01
2.266760157776387175e+01
2.253927869493634617e+01
2.242517532802777680e+01
2.232577025939326276e+01
2.224110603210103321e+01
2.216780087904640695e+01
2.210609506542168745e+01
2.205214037095602464e+01
2.200571358704801028e+01
2.196604627405689314e+01
2.192963693990370899e+01
2.189447860678333058e+01
2.185918483279200331e+01
2.182209834886818811e+01
2.178325043189686738e+01
2.173989162179699264e+01
2.169342490295892389e+01
2.164342109604774578e+01
2.158878468333011469e+01
2.153279190170259483e+01
2.147324770294083862e+01
2.141105871560331764e+01
2.134576712157628009e+01
2.127775719325274650e+01
2.120908817032790239e+01
2.113806765556996581e+01
2.106704546546121293e+01
2.099793427453450079e+01
2.093059274515801249e+01
2.086584532683113480e+01
2.080216503712020426e+01
2.074126050179697245e+01
2.068299246050050044e+01
2.062682916519271359e+01
2.057396286355371728e+01
2.052406813060282076e+01
2.047677515683515992e+01
2.043226958352813227e+01
2.039013002150606368e+01
2.035070431491466891e+01
2.031237101810485868e+01
2.027455350598589234e+01
2.023849538327446851e+01
2.020276025993588576e+01
2.016687864458996415e+01
2.012953013542660585e+01
2.009193273107322497e+01
2.005235565152313981e+01
2.001221410266495937e+01
1.996896151943151665e+01
1.992255031056701853e+01
1.987323814126710531e+01
1.982059858975216571e+01
1.976409984579427359e+01
1.970591676567942585e+01
1.964463417261442046e+01
1.957869374367936643e+01
1.951347873376546715e+01
1.944742659212757729e+01
1.938017443613698632e+01
1.931408051529612280e+01
1.924732395338102364e+01
1.918111972226878947e+01
1.911472161954048232e+01
1.904907999568150956e+01
1.898542488541437834e+01
1.892317172225779132e+01
1.886383303296912572e+01
1.880668781154266966e+01
1.875113532855329623e+01
1.869712697877352525e+01
1.864595274156655691e+01
1.859839882980986658e+01
1.855475088710216625e+01
1.851446956655499321e+01
1.847656532674164254e+01
1.844031026876965740e+01
1.840527307031067750e+01
1.837104807246284821e+01
1.833888098396351296e+01
1.830744375720615835e+01
1.827696635527924229e+01
1.824628032028978453e+01
1.821481896917531174e+01
1.818321953694167448e+01
1.815169861428777409e+01
1.812159248185184168e+01
1.809136910480096816e+01
1.805875725345718763e+01
1.802737814928314819e+01
1.799426605918661082e+01
1.795925322808906799e+01
1.792206633295047880e+01
1.788335490247865778e+01
1.784270058196208453e+01
1.780024923173111873e+01
1.775743664923697196e+01
1.771274084008210536e+01
1.766606875178462133e+01
1.761820320354642533e+01
1.756972587847711154e+01
1.752025464681770472e+01
1.746955880929053606e+01
1.741789429855460014e+01
1.736386762185289356e+01
1.730941555368430329e+01
1.725423014691549639e+01
1.719821416798269809e+01
1.714153866458802256e+01
1.708508166962983310e+01
1.702881636089476913e+01
1.697250172560872272e+01
1.691774622098861158e+01
1.686295335356775027e+01
1.680975142029022251e+01
1.675754594337065129e+01
1.670645213453639144e+01
1.665631252900901771e+01
1.660797794855299969e+01
1.656113567901441996e+01
1.651590359675048703e+01
1.647224371381461694e+01
1.643048534696745122e+01
1.639058403313059031e+01
1.635235233317492032e+01
1.631651820099119377e+01
1.628242018740559871e+01
1.624954487920667745e+01
1.621871223093811665e+01
1.618914418538461675e+01
1.616034628174434573e+01
1.613308576023579022e+01
1.610744896359116041e+01
1.608255305551048053e+01
1.605844340005517523e+01
1.603524950058551823e+01
1.601323065250869604e+01
1.599115887415570825e+01
1.596894718219511944e+01
1.594632516836957592e+01
1.592323361082473454e+01
1.590034634793062551e+01
1.587644186596051732e+01
1.585277034628034087e+01
1.582832397496124699e+01
1.580290380115104121e+01
1.577648320564957096e+01
1.574902139195434891e+01
1.572050003410194918e+01
1.569127288012872334e+01
1.566063965821946802e+01
1.562900777813805853e+01
1.559620885682306834e+01
1.556230640403612853e+01
1.552751349142238624e+01
1.549184083090597142e+01
1.545455572819312273e+01
1.541700719927766983e+01
1.537906360333687772e+01
1.533995194928064265e+01
1.530081213463819267e+01
1.526132600516265825e+01
1.522275093525476564e+01
1.518392449041421521e+01
1.514491181628453731e+01
1.510584513340993951e+01
1.506688757499071230e+01
1.502838769631616955e+01
1.499019176927097519e+01
1.495229946849283564e+01
1.491448689815850059e+01
1.487776704146728513e+01
1.484179862197259681e+01
1.480675686409524339e+01
1.477302762956886895e+01
1.473955628820562858e+01
1.470657622407838083e+01
1.467469542443861918e+01
1.464362590126797592e+01
1.461378119189224734e+01
1.458436250307501680e+01
1.455595590908806969e+01
1.452860281490415062e+01
1.450191115751279902e+01
1.447610621990215485e+01
1.445101309169223569e+01
1.442658304152744186e+01
1.440295323492470381e+01
1.437985240954126098e+01
1.435740425160818212e+01
1.433561095657602102e+01
1.431451970410202001e+01
1.429540964057553332e+01
1.427632073215942299e+01
1.425716100691570176e+01
1.423892915951766192e+01
1.422088446265315653e+01
1.420272904805373848e+01
1.418494518544426164e+01
1.416701210988722970e+01
1.414946144351612212e+01
1.413151170900658649e+01
1.411329593770193291e+01
1.409499965317983694e+01
1.407665010017923812e+01
1.405851662755957321e+01
1.404017397746400775e+01
1.402140820632760310e+01
1.400262427637252216e+01
1.398347233377087306e+01
1.396434079315552168e+01
1.394520993307903112e+01
1.392575601437224364e+01
1.390599745243254937e+01
1.388602937268888304e+01
1.386621629525220101e+01
1.384632961192590273e+01
1.382611452489918413e+01
1.380563707796047801e+01
1.378490206342113211e+01
1.376417158997800350e+01
1.374347020399813601e+01
1.372295930409949705e+01
1.370246855027724919e+01
1.368189205200463299e+01
1.366162148960443723e+01
1.364165409980295784e+01
1.362140579981427280e+01
1.360148005450897202e+01
1.358256535193956793e+01
1.356379549802335660e+01
1.354547726246157957e+01
1.352720759655823279e+01
1.350919524072139843e+01
1.349140861725286200e+01
1.347383745224618501e+01
1.345640622580873647e+01
1.343920418980517262e+01
1.342222314859464305e+01
1.340535359587406106e+01
1.338870200149077228e+01
1.337192932696431669e+01
1.335463362951553634e+01
1.333798983884647882e+01
1.332137878257795549e+01
1.330484620144807550e+01
1.328881689615572448e+01
1.327302440273094497e+01
1.325716801102510445e+01
1.324203880807156963e+01
1.322767302596690442e+01
1.321327206534981435e+01
1.319969464577838281e+01
1.318637579857435327e+01
1.317313555059056895e+01
1.316001969519589920e+01
1.314712106046976281e+01
1.313435739575001193e+01
1.312166257203867659e+01
1.311056656035092516e+01
1.309995302401194373e+01
1.308948332762513012e+01
1.307909887233944168e+01
1.306880836278536862e+01
1.305857097122380139e+01
1.304840719213807887e+01
1.303817365671734230e+01
1.302810928054863560e+01
1.301806745866809045e+01
1.300813790498319023e+01
1.299838228648860827e+01
1.298863873169911010e+01
1.297890660468164015e+01
1.296917749402601316e+01
1.295945792141196762e+01
1.294967568309886197e+01
1.293958772220965159e+01
1.292935091705789219e+01
1.291915760147663939e+01
1.290908560024349327e+01
1.289902594321987550e+01
1.288895836836989517e+01
1.287884882741790804e+01
1.286871788635128766e+01
1.285843530144527236e+01
1.284866776677053402e+01
1.283948540198351118e+01
1.283045949521491025e+01
1.282147095133956149e+01
1.281266341215838978e+01
1.280421943822783781e+01
1.279629060630081128e+01
1.278854621447719175e+01
1.278082274369145210e+01
1.277320752135886650e+01
1.276575397992985295e+01
1.275833659907521778e+01
1.275099593952244881e+01
1.274366569300632790e+01
1.273640706339922168e+01
1.272917150263544706e+01
1.272186204109053165e+01
1.271437454247494081e+01
1.270687639273433156e+01
1.269938177492187137e+01
1.269190390779739452e+01
1.268448170494335869e+01
1.267708297002217499e+01
1.266969003758212331e+01
1.266325895442570726e+01
1.265691087655792835e+01
1.265056531951074703e+01
1.264437445382172243e+01
1.263817191265085249e+01
1.263223539558016739e+01
1.262632061464983835e+01
1.262092971194920743e+01
1.261576378765618323e+01
1.261166274793220943e+01
1.260759852970127248e+01
1.260360729525358359e+01
1.259965830833884759e+01
1.259567471306251285e+01
1.259168570297554801e+01
1.258769449478242208e+01
1.258374625054413087e+01
1.257998540515349717e+01
1.257623665389759360e+01
1.257248598130512818e+01
1.256877302626966042e+01
1.256508082058357090e+01
1.256138862636236730e+01
1.255787934539319295e+01
1.255451589522904854e+01
1.255114979331664316e+01
1.254778101979636773e+01
1.254440957588568040e+01
1.254103549731825140e+01
1.253765885755553811e+01
1.253424134056409400e+01
1.253088616012571066e+01
1.252753038228039983e+01
1.252417428528660714e+01
1.252081998059103007e+01
1.251747003542387837e+01
1.251412960654801054e+01
1.251086808414083862e+01
1.250766428163663058e+01
1.250446413183368222e+01
1.250127036256774282e+01
1.249808121004159034e+01
1.249489683225600345e+01
1.249171754492543762e+01
1.248854366069589794e+01
1.248537548751237480e+01
1.248221332736392597e+01
1.247916125827891776e+01
1.247623643055527332e+01
1.247345090141943302e+01
1.247067359339628112e+01
1.246791416466393443e+01
1.246517522074456608e+01
1.246245465087968363e+01
1.245975235249613888e+01
1.245706824151427483e+01
1.245440224932900364e+01
1.245175432015172845e+01
1.244914894913714321e+01
1.244661292599867686e+01
1.244410261061432976e+01
1.244160989347390434e+01
1.243913468574292835e+01
1.243667690680901750e+01
1.243423648252066371e+01
1.243181334369238300e+01
1.242940812322752286e+01
1.242702064900421988e+01
1.242465027669310729e+01
1.242229694595069844e+01
1.241996059634675831e+01
1.241764116691829045e+01
1.241534352645745187e+01
1.241346983800001880e+01
1.241244126526552094e+01
1.241141897433661967e+01
1.241040286548801497e+01
1.240939287355726428e+01
1.240839295615819182e+01
1.240741287004969351e+01
1.240643871192296999e+01
1.240547046264841491e+01
1.240450810531300263e+01
1.240355422955417808e+01
1.240260677055297478e+01
1.240166512100435270e+01
1.240072861061284470e+01
1.239979335635724667e+01
1.239886469878621256e+01
1.239794860589614700e+01
1.239702713916822674e+01
1.239611121481199874e+01
1.239520076925830061e+01
1.239430081632299263e+01
1.239340904374231478e+01
1.239252250469760597e+01
1.239164113032555647e+01
1.239076509101302115e+01
1.238989633117048506e+01
1.238910391796941113e+01
1.238833813393389960e+01
1.238757574900504288e+01
1.238681662456965249e+01
1.238606063732671814e+01
1.238530767589948134e+01
1.238455763822327782e+01
1.238381042954591749e+01
1.238306596090955125e+01
1.238233607030255889e+01
1.238164906476659510e+01
1.238096400499376593e+01
1.238028082389133999e+01
1.237959946040874470e+01
1.237891985791961780e+01
1.237824355028826417e+01
1.237757187375944490e+01
1.237691088841472542e+01
1.237625291898551083e+01
1.237559634769207406e+01
1.237494112935633872e+01
1.237428722049940788e+01
1.237363458736185606e+01
1.237298317551637439e+01
1.237233293066790552e+01
1.237168381300658204e+01
1.237103578448742880e+01
1.237038880890191983e+01
1.236974285196633438e+01
1.236909788141228894e+01
1.236845386707028638e+01
1.236781078094121078e+01
1.236716859725362738e+01
1.236652729250640803e+01
1.236588684549679584e+01
1.236524698440177872e+01
1.236460780546347316e+01
1.236396944384562602e+01
1.236333265146881288e+01
1.236269847998366345e+01
1.236206506055770937e+01
1.236143238890363705e+01
1.236080046298320845e+01
1.236016928294525385e+01
1.235953885106487427e+01
1.235890917168336678e+01
1.235828025114870421e+01
1.235765209775570028e+01
1.235702472168610377e+01
1.235639813494817396e+01
1.235577235131540874e+01
1.235514738626453912e+01
1.235452325691267816e+01
1.235389998195332062e+01
1.235327758159154676e+01
1.235265607747814620e+01
1.235203549264285172e+01
1.235141585142668141e+01
1.235079717941336241e+01
1.235017950336034431e+01
1.234956285112880003e+01
1.234894725161338869e+01
1.234833273467153170e+01
1.234771933105248110e+01
1.234710707232612847e+01
1.234649599081200577e+01
1.234588611950825943e+01
1.234527749202099578e+01
1.234467014249395334e+01
1.234406410553879496e+01
1.234345941616605558e+01
1.234285610971681102e+01
1.234225422179537546e+01
1.234165378820298287e+01
1.234105484487265159e+01
1.234045742780529764e+01
1.233986157300720166e+01
1.233926731642903185e+01
1.233867469390630056e+01
1.233808374110157047e+01
1.233749449344830751e+01
1.233690698609660075e+01
1.233632125386063194e+01
1.233573733116823767e+01
1.233515525201228158e+01
1.233457504990403741e+01
1.233399675782883875e+01
1.233342040820348906e+01
1.233284603283603076e+01
1.233227366288758731e+01
1.233170332883633336e+01
1.233113506044350061e+01
1.233056888672178708e+01
1.233000483590570084e+01
1.232944293542412773e+01
1.232888321187509284e+01
1.232832569100242637e+01
1.232777039767483451e+01
1.232721735586669887e+01
1.232666658864120279e+01
1.232611811813518798e+01
1.232557196554625989e+01
1.232502815112150785e+01
1.232448669414835152e+01
1.232395066561615415e+01
1.232341848632893999e+01
1.232288868262469528e+01
1.232236126667826959e+01
1.232183625110395653e+01
1.232131364867066914e+01
1.232079347207197806e+01
1.232027573373459184e+01
1.231976044565587003e+01
1.231924761926511991e+01
1.231873726530590751e+01
1.231822939881563883e+01
1.231772403183718367e+01
1.231722117154417440e+01
1.231672082415175140e+01
1.231622299488093120e+01
1.231573377321263862e+01
1.231524883726818942e+01
1.231476637058986334e+01
1.231428637304452778e+01
1.231380884384449459e+01
1.231333378152104530e+01
1.231286118390799444e+01
1.231239104813293750e+01
1.231192337061535014e+01
1.231145814707001840e+01
1.231099537251535025e+01
1.231053504128524345e+01
1.231007714704450606e+01
1.230962168280670177e+01
1.230916864095421204e+01
1.230871801326003379e+01
1.230826979091088624e+01
1.230782396453134631e+01
1.230738052420866246e+01
1.230693945951804125e+01
1.230650175897135945e+01
1.230606909558836293e+01
1.230563876677087087e+01
1.230521075861128644e+01
1.230478505720420301e+01
1.230436164861433390e+01
1.230394059762643266e+01
1.230352186902684686e+01
1.230310540504780903e+01
1.230269119164864833e+01
1.230227921466448926e+01
1.230186945980196711e+01
1.230146191263714783e+01
1.230105655861555647e+01
1.230065338305373857e+01
1.230025237114239900e+01
1.229985350795057109e+01
1.229945677843081597e+01
1.229906216742531200e+01
1.229866965967241299e+01
1.229827923981387983e+01
1.229789089240240685e+01
1.229750460190943961e+01
1.229712035273318449e+01
1.229680330654860043e+01
1.229652502406467285e+01
1.229624822473075341e+01
1.229597289039885588e+01
1.229569900369864044e+01
1.229542654789589484e+01
1.229515550679037617e+01
1.229488586464072952e+01
1.229461760610862164e+01
1.229435071621570508e+01
1.229408518030997755e+01
1.229382098403867296e+01
1.229355811332584025e+01
1.229329655435334523e+01
1.229303629354481942e+01
1.229277731755159309e+01
1.229251961324036557e+01
1.229226316768258442e+01
1.229200796814488150e+01
1.229175400208082891e+01
1.229150125712362041e+01
1.229124972107966407e+01
1.229099938192292463e+01
1.229074924942977809e+01
1.229050037300813258e+01
1.229025576479229720e+01
1.229001314862439465e+01
1.228977463114640400e+01
1.228953720179742604e+01
1.228930084839011982e+01
1.228906555896802821e+01
1.228883132179837823e+01
1.228859812536549079e+01
1.228836595836489742e+01
1.228813480969772698e+01
1.228790466846583129e+01
1.228767552396689844e+01
1.228744736569020901e+01
1.228722018331234622e+01
1.228699396669336963e+01
1.228676870587308478e+01
1.228654439106731466e+01
1.228632101266468979e+01
1.228609856122311328e+01
1.228587702746670018e+01
1.228565640228258005e+01
1.228543667671798367e+01
1.228521784197719668e+01
1.228499988941889498e+01
1.228478281055323329e+01
1.228456659703934051e+01
1.228435124068264628e+01
1.228413673343243673e+01
1.228392306737945994e+01
1.228371023475360246e+01
1.228349822792165114e+01
1.228328703938511168e+01
1.228307666177822455e+01
1.228286708786589543e+01
1.228265831054181234e+01
1.228245032282659999e+01
1.228224311786608247e+01
1.228203668892954603e+01
1.228183102940812255e+01
1.228162613281324944e+01
1.228142199277510827e+01
1.228121860304120716e+01
1.228101595747495267e+01
1.228081405005433169e+01
1.228061287487050812e+01
1.228041242612663453e+01
1.228021269813655536e+01
1.228001368532357063e+01
1.227981538221930080e+01
1.227961778346246291e+01
1.227942088379774077e+01
1.227922467807464280e+01
1.227902916124635979e+01
1.227883432836866007e+01
1.227864017459874191e+01
1.227844669519417664e+01
1.227825388551173980e+01
1.227806174100629022e+01
1.227787025722966519e+01
1.227767942982956129e+01
1.227748925454834250e+01
1.227729972722196905e+01
1.227711084377870776e+01
1.227692260023806270e+01
1.227673499270956547e+01
1.227654802624925345e+01
1.227636169415650258e+01
1.227617598689325717e+01
1.227599090091935707e+01
1.227580643278049344e+01
1.227562257910659049e+01
1.227543933661010023e+01
1.227525670208443032e+01
1.227507467240237915e+01
1.227489324451462771e+01
1.227471241544824565e+01
1.227453218230508547e+01
1.227435254226038985e+01
1.227417349256121781e+01
1.227399503052497920e+01
1.227381715353789104e+01
1.227363985905348898e+01
1.227346314459106225e+01
1.227328700773423087e+01
1.227311144612933269e+01
1.227293645748392414e+01
1.227276203956526324e+01
1.227258819019880676e+01
1.227241490726662221e+01
1.227224218870591343e+01
1.227207003250746986e+01
1.227189843671416369e+01
1.227172739941943291e+01
1.227155691876571453e+01
1.227138699294305546e+01
1.227121762018750672e+01
1.227104879877963484e+01
1.227088052704317178e+01
1.227071280334335057e+01
1.227054562608559962e+01
1.227037899371402929e+01
1.227021290470998593e+01
1.227004735759069654e+01
1.226988235090775348e+01
1.226971788324583379e+01
1.226955395322126918e+01
1.226939055948067292e+01
1.226922770069965729e+01
1.226906537558144272e+01
1.226890358285560545e+01
1.226874232127680031e+01
1.226858158962348000e+01
1.226842138669661431e+01
1.226826171131855681e+01
1.226810256233177121e+01
1.226794393859773002e+01
1.226778583899569952e+01
1.226762826242164017e+01
1.226747120778712308e+01
1.226731467401819131e+01
1.226715866005442024e+01
1.226700316484774866e+01
1.226684818736158000e+01
1.226669372656975199e+01
1.226653978145560586e+01
1.226638635101108932e+01
1.226623343423574397e+01
1.226608103013598239e+01
1.226592913772415550e+01
1.226577775601771414e+01
1.226562688403842216e+01
1.226547652081169204e+01
1.226532666536565230e+01
1.226517731673058442e+01
1.226502847393816609e+01
1.226488013602078553e+01
1.226473230201097486e+01
1.226458497094072264e+01
1.226443814184086989e+01
1.226429181374063937e+01
1.226414598566699077e+01
1.226400065664415884e+01
1.226385582569314181e+01
1.226371149183124309e+01
1.226356765407157923e+01
1.226342431142275125e+01
1.226328146288836152e+01
1.226313910746662295e+01
1.226299724415006587e+01
1.226285587192517923e+01
1.226271498977209795e+01
1.226257459666425476e+01
1.226243469156820254e+01
1.226229527344329462e+01
1.226215634124145737e+01
1.226201789390698949e+01
1.226187993037637014e+01
1.226174244957806181e+01
1.226160545043235039e+01
1.226146893185121556e+01
1.226133289273819571e+01
1.226119733198826367e+01
1.226106224848778758e+01
1.226092764111434974e+01
1.226079350873675722e+01
1.226065985021498150e+01
1.226052666440012118e+01
1.226039395013431488e+01
1.226026170625086564e+01
1.226012993157407927e+01
1.225999862491938508e+01
1.225986778509335906e+01
1.225973741089367586e+01
1.225960750110928288e+01
1.225947805452033812e+01
1.225934906989834161e+01
1.225922054600619049e+01
1.225909248159825538e+01
1.225896487542052427e+01
1.225883772621062207e+01
1.225871103269800599e+01
1.225858479360398334e+01
1.225845900764195484e+01
1.225833367351743952e+01
1.225820878992825946e+01
1.225808435556468723e+01
1.225796036910957376e+01
1.225783682923849049e+01
1.225771373461993363e+01
1.225759108391543251e+01
1.225746887577973965e+01
1.225734710886102619e+01
1.225722578180099198e+01
1.225710489323511254e+01
1.225698444179274915e+01
1.225686442609738691e+01
1.225674484476682302e+01
1.225662569641327870e+01
1.225650697964367097e+01
1.225638869305975476e+01
1.225627083525834671e+01
1.225615340483149929e+01
1.225603640036666064e+01
1.225591982044696415e+01
1.225580366365131724e+01
1.225568792855464828e+01
1.225557261372813755e+01
1.225545771773929360e+01
1.225534323915232449e+01
1.225522917652814670e+01
1.225511552842476348e+01
1.225500229339724889e+01
1.225488946999813500e+01
1.225477705677752382e+01
1.225466505228322411e+01
1.225455345506107463e+01
1.225444226365495481e+01
1.225433147660718447e+01
1.225422109245850244e+01
1.225411110974836326e+01
1.225400152701515921e+01
1.225389234279623452e+01
1.225378355562829036e+01
1.225367516404732271e+01
1.225356716658898470e+01
1.225345956178869145e+01
1.225337247899995674e+01
1.225331476843980560e+01
1.225325726022332695e+01
1.225319995479427782e+01
1.225314285179984530e+01
1.225308595027502179e+01
1.225302924882717193e+01
1.225297274579456541e+01
1.225291643937194053e+01
1.225286032770503297e+01
1.225280440895973122e+01
1.225274868137089257e+01
1.225269314327609216e+01
1.225263779313788071e+01
1.225258262955729549e+01
1.225252765128075794e+01
1.225247285720166701e+01
1.225241824635764232e+01
1.225236381792456797e+01
1.225230957120766107e+01
1.225225550563067145e+01
1.225220162072331043e+01
1.225214791610778597e+01
1.225209439148468782e+01
1.225204104661869309e+01
1.225198788132455618e+01
1.225193489545343262e+01
1.225188208888010521e+01
1.225182946149097596e+01
1.225177701317308276e+01
1.225172474380440413e+01
1.225167265324503418e+01
1.225162074132981971e+01
1.225156900786179115e+01
1.225151745260702540e+01
1.225146607529023868e+01
1.225141487559155706e+01
1.225136385314407583e+01
1.225131300753230512e+01
1.225126233829125688e+01
1.225121184490633652e+01
1.225116152681378523e+01
1.225111138340155392e+01
1.225106141401083626e+01
1.225101161793788052e+01
1.225096199443615674e+01
1.225091254271892716e+01
1.225086326196189290e+01
1.225081415130615525e+01
1.225076520986143258e+01
1.225071643670909793e+01
1.225066783090556299e+01
1.225061939148561763e+01
1.225057111746573746e+01
1.225052300784737902e+01
1.225047506162028377e+01
1.225042727776570040e+01
1.225037960230695511e+01
1.225033202844436886e+01
1.225028461438325245e+01
1.225023735897405786e+01
1.225019026112719622e+01
1.225014331980413473e+01
1.225009653401017395e+01
1.225004990278834249e+01
1.225000342521446228e+01
1.224995710039301677e+01
1.224991092745356092e+01
1.224986490554807794e+01
1.224981903384857951e+01
1.224977331154542703e+01
1.224972773784576852e+01
1.224968231197259527e+01
1.224963703316396391e+01
1.224959190067237103e+01
1.224954691376448856e+01
1.224950207172092576e+01
1.224945737383609945e+01
1.224941281941829452e+01
1.224936840778962122e+01
1.224932413828612709e+01
1.224928001025788937e+01
1.224923602306906290e+01
1.224919217609791389e+01
1.224914846873688212e+01
1.224910490039258804e+01
1.224906147048570304e+01
1.224901817845091934e+01
1.224897502373679714e+01
1.224893200580555153e+01
1.224888912413278774e+01
1.224884637820725963e+01
1.224880376753048594e+01
1.224876129161643235e+01
1.224871894999096256e+01
1.224867674219150793e+01
