1.323216512383027128e-02
1.323216512383027128e-02
1.323216512383027128e-02
1.323216512383027128e-02
1.323216512383027128e-02
1.323216512383027128e-02
1.323216512383027128e-02
1.323216512383027128e-02
1.323216512383027128e-02
1.323216512383027128e-02
1.323216512383027128e-02
1.323216512383027128e-02
1.323216512383027128e-02
1.323216512383027128e-02
1.323216512383027128e-02
1.323216512383027128e-02
1.323216512383027128e-02
1.323216512383027128e-02
1.323216512383027128e-02
1.323216512383027128e-02
1.323216512383027128e-02
1.323216512383027128e-02
1.323216512383027128e-02
1.323216512383027128e-02
1.323216512383027128e-02
1.323216512383027128e-02
1.323216512383027128e-02
1.323216512383027128e-02
1.323216512383027128e-02
1.323216512383027128e-02
1.323216512383027128e-02
1.323216512383027128e-02
1.323216512383027128e-02
1.323216512383027128e-02
1.323216512383027128e-02
1.323216512383027128e-02
1.323216512383027128e-02
1.323216512383027128e-02
1.323216512383027128e-02
1.323216512383027128e-02
1.323216512383027128e-02
1.323216512383027128e-02
1.323216512383027128e-02
1.323216512383027128e-02
1.323216512383027128e-02
1.323216512383027128e-02
1.323216512383027128e-02
1.323216512383027128e-02
1.323216512383027128e-02
1.323216512383027128e-02
1.323216512383027128e-02
1.323216512383027128e-02
1.323216512383027128e-02
1.323216512383027128e-02
1.323216512383027128e-02
1.323216512383027128e-02
1.323216512383027128e-02
1.323216512383027128e-02
1.323216512383027128e-02
1.323216512383027128e-02
1.323216512383027128e-02
1.323216512383027128e-02
1.323216512383027128e-02
1.323216512383027128e-02
1.323216512383027128e-02
1.323216512383027128e-02
1.323216512383027128e-02
1.323216512383027128e-02
1.323216512383027128e-02
1.323216512383027128e-02
1.323216512383027128e-02
1.323216512383027128e-02
1.323216512383027128e-02
1.323216512383027128e-02
1.323216512383027128e-02
1.323216512383027128e-02
1.323216512383027128e-02
1.323216512383027128e-02
1.323216512383027128e-02
1.323216512383027128e-02
1.323216512383027128e-02
1.323216512383027128e-02
1.323216512383027128e-02
1.323216512383027128e-02
1.323216512383027128e-02
1.323216512383027128e-02
1.323216512383027128e-02
1.323216512383027128e-02
1.323216512383027128e-02
1.323216512383027128e-02
1.323216512383027128e-02
1.323216512383027128e-02
1.323216512383027128e-02
1.323216512383027128e-02
1.323216512383027128e-02
1.323216512383027128e-02
1.323216512383027128e-02
1.323216512383027128e-02
1.323216512383027128e-02
1.323216512383027128e-02
1.323216512383027128e-02
1.323216512383027128e-02
1.323216512383027128e-02
1.323216512383027128e-02
1.323216512383027128e-02
1.323216512383027128e-02
1.323216512383027128e-02
1.323216512383027128e-02
1.323216512383027128e-02
1.323216512383027128e-02
1.323216512383027128e-02
1.323216512383027128e-02
1.323216512383027128e-02
1.323216512383027128e-02
1.323216512383027128e-02
1.323216512383027128e-02
1.323216512383027128e-02
4.546176828200767378e-03
4.546176828200767378e-03
4.546176828200767378e-03
4.546176828200767378e-03
4.546176828200767378e-03
4.546176828200767378e-03
4.546176828200767378e-03
4.546176828200767378e-03
4.546176828200767378e-03
4.546176828200767378e-03
4.546176828200767378e-03
4.546176828200767378e-03
-4.573988538704982718e-03
-4.573988538704982718e-03
-4.573988538704982718e-03
-4.573988538704982718e-03
-4.573988538704982718e-03
-4.573988538704982718e-03
-4.573988538704982718e-03
-4.573988538704982718e-03
-4.573988538704982718e-03
-4.573988538704982718e-03
-4.573988538704982718e-03
-4.573988538704982718e-03
-4.573988538704982718e-03
-4.573988538704982718e-03
-4.573988538704982718e-03
-4.573988538704982718e-03
-4.573988538704982718e-03
-4.573988538704982718e-03
-4.573988538704982718e-03
-4.573988538704982718e-03
-4.573988538704982718e-03
-4.573988538704982718e-03
-4.573988538704982718e-03
-4.573988538704982718e-03
-4.573988538704982718e-03
-4.573988538704982718e-03
-4.573988538704982718e-03
-4.573988538704982718e-03
-4.573988538704982718e-03
-4.573988538704982718e-03
-4.573988538704982718e-03
-4.573988538704982718e-03
-4.573988538704982718e-03
-4.573988538704982718e-03
-4.573988538704982718e-03
-4.573988538704982718e-03
-4.573988538704982718e-03
-4.573988538704982718e-03
-4.573988538704982718e-03
-4.573988538704982718e-03
-4.573988538704982718e-03
-4.573988538704982718e-03
-4.573988538704982718e-03
-4.573988538704982718e-03
-4.573988538704982718e-03
-4.573988538704982718e-03
-4.573988538704982718e-03
-4.573988538704982718e-03
-4.573988538704982718e-03
-4.573988538704982718e-03
-4.573988538704982718e-03
2.358224876924686422e-03
2.358224876924686422e-03
2.358224876924686422e-03
2.358224876924686422e-03
2.358224876924686422e-03
2.358224876924686422e-03
2.358224876924686422e-03
2.358224876924686422e-03
2.358224876924686422e-03
2.358224876924686422e-03
2.358224876924686422e-03
2.358224876924686422e-03
2.358224876924686422e-03
2.358224876924686422e-03
2.358224876924686422e-03
2.358224876924686422e-03
2.358224876924686422e-03
2.358224876924686422e-03
3.855588271364859473e-03
2.223731967030775913e-02
2.223731967030775913e-02
2.223731967030775913e-02
2.223731967030775913e-02
2.223731967030775913e-02
2.223731967030775913e-02
2.223731967030775913e-02
2.223731967030775913e-02
2.223731967030775913e-02
2.223731967030775913e-02
2.223731967030775913e-02
2.223731967030775913e-02
2.223731967030775913e-02
2.223731967030775913e-02
2.223731967030775913e-02
2.223731967030775913e-02
2.223731967030775913e-02
2.223731967030775913e-02
2.223731967030775913e-02
2.223731967030775913e-02
2.223731967030775913e-02
2.223731967030775913e-02
1.108138350367115707e-02
1.108138350367115707e-02
1.108138350367115707e-02
1.108138350367115707e-02
1.108138350367115707e-02
1.108138350367115707e-02
1.108138350367115707e-02
1.108138350367115707e-02
1.108138350367115707e-02
1.108138350367115707e-02
1.108138350367115707e-02
1.108138350367115707e-02
1.108138350367115707e-02
1.108138350367115707e-02
1.108138350367115707e-02
1.108138350367115707e-02
1.108138350367115707e-02
1.108138350367115707e-02
1.108138350367115707e-02
1.108138350367115707e-02
1.108138350367115707e-02
1.108138350367115707e-02
1.108138350367115707e-02
1.108138350367115707e-02
1.108138350367115707e-02
1.108138350367115707e-02
1.108138350367115707e-02
2.351657047976267179e-01
5.146382539773288745e-01
5.146382539773288745e-01
5.146382539773288745e-01
5.146382539773288745e-01
5.146382539773288745e-01
5.146382539773288745e-01
5.146382539773288745e-01
5.146382539773288745e-01
5.146382539773288745e-01
5.146382539773288745e-01
5.146382539773288745e-01
5.146382539773288745e-01
5.620530003649535367e-01
5.620530003649535367e-01
5.620530003649535367e-01
5.620530003649535367e-01
5.620530003649535367e-01
5.620530003649535367e-01
5.620530003649535367e-01
5.620530003649535367e-01
5.620530003649535367e-01
5.620530003649535367e-01
5.746825988530787077e-01
5.746825988530787077e-01
5.820455198387071150e-01
6.177154366453408985e-01
6.177154366453408985e-01
6.177154366453408985e-01
6.177154366453408985e-01
6.177154366453408985e-01
6.177154366453408985e-01
6.177154366453408985e-01
6.177154366453408985e-01
6.177154366453408985e-01
6.177154366453408985e-01
6.177154366453408985e-01
6.177154366453408985e-01
6.177154366453408985e-01
6.177154366453408985e-01
6.177154366453408985e-01
6.177154366453408985e-01
6.177154366453408985e-01
6.177154366453408985e-01
6.740923589260666704e-01
6.740923589260666704e-01
6.740923589260666704e-01
6.740923589260666704e-01
6.840741907029164182e-01
6.858184864047498497e-01
6.998019257708008034e-01
6.998019257708008034e-01
6.998019257708008034e-01
6.998019257708008034e-01
6.998019257708008034e-01
6.998019257708008034e-01
6.998019257708008034e-01
6.998019257708008034e-01
6.998019257708008034e-01
6.998019257708008034e-01
6.998019257708008034e-01
6.998019257708008034e-01
6.998019257708008034e-01
6.998019257708008034e-01
6.998019257708008034e-01
7.334507943199484181e-01
7.334507943199484181e-01
7.334507943199484181e-01
7.334507943199484181e-01
7.764264062587679094e-01
7.764264062587679094e-01
7.764264062587679094e-01
7.764264062587679094e-01
7.764264062587679094e-01
7.764264062587679094e-01
7.764264062587679094e-01
7.764264062587679094e-01
7.764264062587679094e-01
8.355243402606526981e-01
8.355243402606526981e-01
8.355243402606526981e-01
8.355243402606526981e-01
8.355243402606526981e-01
8.355243402606526981e-01
8.355243402606526981e-01
8.355243402606526981e-01
8.536980797728551673e-01
8.536980797728551673e-01
8.536980797728551673e-01
8.536980797728551673e-01
8.536980797728551673e-01
8.536980797728551673e-01
8.536980797728551673e-01
8.536980797728551673e-01
8.536980797728551673e-01
8.536980797728551673e-01
8.536980797728551673e-01
8.536980797728551673e-01
8.536980797728551673e-01
8.536980797728551673e-01
8.536980797728551673e-01
8.596761188759787231e-01
8.596761188759787231e-01
8.936070480662302584e-01
8.976783111050011810e-01
8.976783111050011810e-01
9.158019094649979541e-01
9.158019094649979541e-01
9.158019094649979541e-01
9.158019094649979541e-01
9.158019094649979541e-01
9.551110713183162959e-01
9.686261705989245296e-01
9.686261705989245296e-01
9.686261705989245296e-01
9.686261705989245296e-01
9.686261705989245296e-01
9.686261705989245296e-01
9.686261705989245296e-01
9.686261705989245296e-01
9.759162200800410858e-01
9.759162200800410858e-01
9.759162200800410858e-01
9.759162200800410858e-01
9.759162200800410858e-01
9.759162200800410858e-01
9.759162200800410858e-01
9.759162200800410858e-01
9.759162200800410858e-01
9.759162200800410858e-01
9.759162200800410858e-01
9.759162200800410858e-01
9.759162200800410858e-01
9.759162200800410858e-01
1.047601886354168066e+00
1.047601886354168066e+00
1.047601886354168066e+00
1.047601886354168066e+00
1.047601886354168066e+00
1.047601886354168066e+00
1.056321909478920906e+00
1.056321909478920906e+00
1.095412178963022232e+00
1.095412178963022232e+00
1.095412178963022232e+00
1.095412178963022232e+00
1.095412178963022232e+00
1.095412178963022232e+00
1.095412178963022232e+00
1.095412178963022232e+00
1.095412178963022232e+00
1.095412178963022232e+00
1.115995551878840031e+00
1.115995551878840031e+00
1.115995551878840031e+00
1.115995551878840031e+00
1.115995551878840031e+00
1.115995551878840031e+00
1.115995551878840031e+00
1.115995551878840031e+00
1.146814418998883145e+00
1.146814418998883145e+00
1.175375168726867425e+00
1.175375168726867425e+00
1.175375168726867425e+00
1.175375168726867425e+00
1.208932425800953281e+00
1.208932425800953281e+00
1.208932425800953281e+00
1.208932425800953281e+00
1.208932425800953281e+00
1.208932425800953281e+00
1.208932425800953281e+00
1.208932425800953281e+00
1.208932425800953281e+00
1.208932425800953281e+00
1.208932425800953281e+00
1.208932425800953281e+00
1.208932425800953281e+00
1.208932425800953281e+00
1.208932425800953281e+00
1.208932425800953281e+00
1.208932425800953281e+00
1.226959191072485744e+00
1.230250565259873419e+00
1.230250565259873419e+00
1.230250565259873419e+00
1.230250565259873419e+00
1.230250565259873419e+00
1.230250565259873419e+00
1.230250565259873419e+00
1.230250565259873419e+00
1.230250565259873419e+00
1.230250565259873419e+00
1.287386005164627756e+00
1.287386005164627756e+00
1.287386005164627756e+00
1.287386005164627756e+00
1.287386005164627756e+00
1.287386005164627756e+00
1.287386005164627756e+00
1.322482621233468381e+00
1.373590410847611354e+00
1.373590410847611354e+00
1.373590410847611354e+00
1.379776077362659947e+00
1.379776077362659947e+00
1.379776077362659947e+00
1.379776077362659947e+00
1.379776077362659947e+00
1.379776077362659947e+00
1.379776077362659947e+00
1.379776077362659947e+00
1.379776077362659947e+00
1.379776077362659947e+00
1.421486312565098498e+00
1.421486312565098498e+00
1.421486312565098498e+00
1.421486312565098498e+00
1.421486312565098498e+00
1.421486312565098498e+00
1.421486312565098498e+00
1.421486312565098498e+00
1.421486312565098498e+00
1.421486312565098498e+00
1.421486312565098498e+00
1.421486312565098498e+00
1.421486312565098498e+00
1.421486312565098498e+00
1.421486312565098498e+00
1.421486312565098498e+00
1.421486312565098498e+00
1.421486312565098498e+00
1.421486312565098498e+00
1.421486312565098498e+00
1.421486312565098498e+00
1.421486312565098498e+00
1.421486312565098498e+00
1.421486312565098498e+00
1.421486312565098498e+00
1.421486312565098498e+00
1.421486312565098498e+00
1.421486312565098498e+00
1.421486312565098498e+00
1.421486312565098498e+00
1.421486312565098498e+00
1.421486312565098498e+00
1.421486312565098498e+00
1.421486312565098498e+00
1.421486312565098498e+00
1.421486312565098498e+00
1.421486312565098498e+00
8.345073252732717606e-01
8.345073252732717606e-01
7.976403995510715772e-01
7.976403995510715772e-01
7.761791115605231051e-01
7.761791115605231051e-01
7.302623131423167102e-01
7.302623131423167102e-01
7.302623131423167102e-01
7.302623131423167102e-01
7.302623131423167102e-01
7.302623131423167102e-01
7.302623131423167102e-01
7.302623131423167102e-01
7.302623131423167102e-01
7.302623131423167102e-01
7.302623131423167102e-01
7.302623131423167102e-01
7.302623131423167102e-01
7.302623131423167102e-01
7.302623131423167102e-01
7.302623131423167102e-01
7.302623131423167102e-01
7.302623131423167102e-01
7.302623131423167102e-01
7.302623131423167102e-01
7.302623131423167102e-01
7.302623131423167102e-01
7.302623131423167102e-01
7.302623131423167102e-01
7.302623131423167102e-01
7.302623131423167102e-01
7.302623131423167102e-01
7.302623131423167102e-01
7.302623131423167102e-01
7.302623131423167102e-01
7.302623131423167102e-01
7.302623131423167102e-01
7.302623131423167102e-01
7.302623131423167102e-01
7.302623131423167102e-01
7.302623131423167102e-01
7.302623131423167102e-01
7.302623131423167102e-01
7.302623131423167102e-01
7.302623131423167102e-01
7.302623131423167102e-01
7.302623131423167102e-01
7.302623131423167102e-01
6.959949535667154796e-01
2.767516931206631114e-01
2.767516931206631114e-01
2.767516931206631114e-01
2.767516931206631114e-01
2.767516931206631114e-01
2.767516931206631114e-01
2.767516931206631114e-01
2.767516931206631114e-01
2.767516931206631114e-01
2.767516931206631114e-01
2.767516931206631114e-01
2.427270880382147167e-01
2.427270880382147167e-01
2.427270880382147167e-01
2.427270880382147167e-01
2.427270880382147167e-01
2.427270880382147167e-01
2.427270880382147167e-01
2.427270880382147167e-01
2.427270880382147167e-01
2.427270880382147167e-01
2.427270880382147167e-01
2.427270880382147167e-01
2.427270880382147167e-01
2.427270880382147167e-01
2.427270880382147167e-01
2.223011174787622168e-01
2.223011174787622168e-01
2.223011174787622168e-01
2.223011174787622168e-01
2.223011174787622168e-01
2.223011174787622168e-01
2.223011174787622168e-01
2.223011174787622168e-01
2.223011174787622168e-01
2.223011174787622168e-01
2.223011174787622168e-01
2.223011174787622168e-01
2.223011174787622168e-01
2.223011174787622168e-01
2.223011174787622168e-01
2.223011174787622168e-01
2.223011174787622168e-01
2.223011174787622168e-01
2.223011174787622168e-01
2.223011174787622168e-01
2.223011174787622168e-01
2.223011174787622168e-01
2.223011174787622168e-01
2.223011174787622168e-01
2.223011174787622168e-01
2.223011174787622168e-01
2.223011174787622168e-01
2.223011174787622168e-01
2.223011174787622168e-01
2.223011174787622168e-01
2.223011174787622168e-01
2.223011174787622168e-01
2.223011174787622168e-01
2.223011174787622168e-01
2.223011174787622168e-01
2.223011174787622168e-01
2.223011174787622168e-01
2.223011174787622168e-01
2.223011174787622168e-01
2.223011174787622168e-01
2.223011174787622168e-01
2.223011174787622168e-01
2.223011174787622168e-01
2.223011174787622168e-01
2.223011174787622168e-01
2.223011174787622168e-01
1.936788402403502030e-01
1.936788402403502030e-01
1.936788402403502030e-01
1.936788402403502030e-01
1.936788402403502030e-01
1.936788402403502030e-01
1.936788402403502030e-01
1.936788402403502030e-01
1.936788402403502030e-01
1.936788402403502030e-01
1.936788402403502030e-01
1.936788402403502030e-01
1.936788402403502030e-01
1.936788402403502030e-01
1.936788402403502030e-01
1.936788402403502030e-01
1.936788402403502030e-01
1.936788402403502030e-01
1.714126578222614494e-01
1.714126578222614494e-01
1.714126578222614494e-01
1.714126578222614494e-01
1.714126578222614494e-01
1.714126578222614494e-01
1.714126578222614494e-01
1.714126578222614494e-01
1.714126578222614494e-01
1.714126578222614494e-01
1.714126578222614494e-01
1.714126578222614494e-01
1.714126578222614494e-01
1.714126578222614494e-01
1.714126578222614494e-01
1.714126578222614494e-01
1.714126578222614494e-01
1.714126578222614494e-01
1.714126578222614494e-01
1.714126578222614494e-01
1.714126578222614494e-01
1.714126578222614494e-01
1.714126578222614494e-01
1.714126578222614494e-01
1.714126578222614494e-01
1.714126578222614494e-01
1.714126578222614494e-01
1.714126578222614494e-01
1.714126578222614494e-01
1.714126578222614494e-01
1.714126578222614494e-01
1.714126578222614494e-01
1.714126578222614494e-01
1.714126578222614494e-01
1.714126578222614494e-01
1.714126578222614494e-01
1.714126578222614494e-01
1.714126578222614494e-01
1.714126578222614494e-01
1.714126578222614494e-01
1.568655267590443325e-01
1.523176487450359218e-01
1.523176487450359218e-01
1.523176487450359218e-01
1.523176487450359218e-01
1.523176487450359218e-01
1.523176487450359218e-01
1.523176487450359218e-01
1.523176487450359218e-01
1.523176487450359218e-01
1.523176487450359218e-01
1.523176487450359218e-01
1.523176487450359218e-01
1.523176487450359218e-01
1.523176487450359218e-01
1.523176487450359218e-01
1.523176487450359218e-01
1.523176487450359218e-01
1.523176487450359218e-01
1.523176487450359218e-01
1.523176487450359218e-01
1.523176487450359218e-01
1.523176487450359218e-01
1.523176487450359218e-01
1.523176487450359218e-01
1.523176487450359218e-01
1.523176487450359218e-01
1.523176487450359218e-01
1.523176487450359218e-01
1.523176487450359218e-01
1.523176487450359218e-01
1.523176487450359218e-01
1.523176487450359218e-01
1.523176487450359218e-01
1.476672180979874682e-01
1.476672180979874682e-01
1.476672180979874682e-01
1.476672180979874682e-01
1.476672180979874682e-01
1.476672180979874682e-01
1.476672180979874682e-01
1.476672180979874682e-01
1.476672180979874682e-01
1.476672180979874682e-01
1.319377389280019242e-01
1.305051914862341289e-01
1.305051914862341289e-01
1.305051914862341289e-01
1.305051914862341289e-01
1.305051914862341289e-01
1.305051914862341289e-01
1.305051914862341289e-01
1.305051914862341289e-01
1.305051914862341289e-01
1.305051914862341289e-01
1.305051914862341289e-01
1.291325824155467872e-01
1.291325824155467872e-01
1.291325824155467872e-01
1.291325824155467872e-01
1.291325824155467872e-01
1.291325824155467872e-01
1.291325824155467872e-01
1.291325824155467872e-01
1.291325824155467872e-01
1.291325824155467872e-01
1.291325824155467872e-01
1.291325824155467872e-01
1.291325824155467872e-01
1.291325824155467872e-01
1.291325824155467872e-01
1.291325824155467872e-01
1.291325824155467872e-01
1.291325824155467872e-01
1.291325824155467872e-01
1.072352750977354219e-01
1.072352750977354219e-01
1.072352750977354219e-01
1.072352750977354219e-01
1.072352750977354219e-01
1.072352750977354219e-01
1.072352750977354219e-01
1.072352750977354219e-01
1.072352750977354219e-01
1.072352750977354219e-01
1.072352750977354219e-01
1.072352750977354219e-01
1.072352750977354219e-01
1.072352750977354219e-01
1.072352750977354219e-01
1.072352750977354219e-01
1.072352750977354219e-01
1.072352750977354219e-01
1.072352750977354219e-01
1.072352750977354219e-01
1.072352750977354219e-01
1.072352750977354219e-01
1.072352750977354219e-01
1.072352750977354219e-01
1.072352750977354219e-01
1.072352750977354219e-01
1.072352750977354219e-01
1.072352750977354219e-01
1.072352750977354219e-01
1.072352750977354219e-01
1.072352750977354219e-01
1.072352750977354219e-01
1.072352750977354219e-01
1.072352750977354219e-01
1.072352750977354219e-01
1.072352750977354219e-01
1.072352750977354219e-01
1.072352750977354219e-01
1.072352750977354219e-01
1.072352750977354219e-01
1.072352750977354219e-01
1.072352750977354219e-01
1.072352750977354219e-01
1.072352750977354219e-01
1.072352750977354219e-01
1.072352750977354219e-01
1.072352750977354219e-01
1.072352750977354219e-01
1.072352750977354219e-01
1.072352750977354219e-01
1.072352750977354219e-01
1.072352750977354219e-01
9.165107338302513895e-02
9.165107338302513895e-02
9.165107338302513895e-02
9.165107338302513895e-02
9.165107338302513895e-02
9.165107338302513895e-02
9.165107338302513895e-02
9.165107338302513895e-02
8.632518431330322983e-02
8.632518431330322983e-02
8.632518431330322983e-02
8.632518431330322983e-02
8.632518431330322983e-02
8.632518431330322983e-02
8.632518431330322983e-02
8.632518431330322983e-02
8.632518431330322983e-02
8.632518431330322983e-02
8.632518431330322983e-02
8.632518431330322983e-02
8.632518431330322983e-02
8.632518431330322983e-02
8.632518431330322983e-02
8.632518431330322983e-02
8.632518431330322983e-02
8.632518431330322983e-02
8.632518431330322983e-02
8.632518431330322983e-02
8.632518431330322983e-02
8.632518431330322983e-02
8.632518431330322983e-02
8.632518431330322983e-02
8.632518431330322983e-02
8.632518431330322983e-02
8.632518431330322983e-02
8.632518431330322983e-02
8.632518431330322983e-02
8.632518431330322983e-02
8.632518431330322983e-02
8.632518431330322983e-02
8.632518431330322983e-02
8.632518431330322983e-02
8.632518431330322983e-02
8.632518431330322983e-02
8.632518431330322983e-02
8.632518431330322983e-02
8.632518431330322983e-02
8.632518431330322983e-02
8.632518431330322983e-02
8.632518431330322983e-02
8.632518431330322983e-02
8.632518431330322983e-02
8.632518431330322983e-02
8.632518431330322983e-02
8.632518431330322983e-02
8.632518431330322983e-02
8.613726350242859042e-02
8.613726350242859042e-02
8.613726350242859042e-02
8.613726350242859042e-02
8.613726350242859042e-02
8.613726350242859042e-02
8.613726350242859042e-02
8.613726350242859042e-02
8.613726350242859042e-02
8.613726350242859042e-02
8.613726350242859042e-02
8.613726350242859042e-02
5.943203162016934271e-02
5.943203162016934271e-02
5.943203162016934271e-02
5.943203162016934271e-02
5.943203162016934271e-02
5.943203162016934271e-02
5.943203162016934271e-02
5.943203162016934271e-02
5.943203162016934271e-02
5.943203162016934271e-02
5.943203162016934271e-02
5.943203162016934271e-02
5.943203162016934271e-02
5.943203162016934271e-02
5.943203162016934271e-02
5.943203162016934271e-02
5.943203162016934271e-02
5.943203162016934271e-02
5.943203162016934271e-02
5.943203162016934271e-02
5.943203162016934271e-02
5.943203162016934271e-02
5.943203162016934271e-02
5.943203162016934271e-02
5.943203162016934271e-02
5.943203162016934271e-02
5.943203162016934271e-02
5.943203162016934271e-02
5.943203162016934271e-02
5.943203162016934271e-02
5.943203162016934271e-02
5.943203162016934271e-02
5.943203162016934271e-02
5.943203162016934271e-02
5.943203162016934271e-02
5.943203162016934271e-02
5.943203162016934271e-02
5.637667960923348903e-02
5.637667960923348903e-02
5.637667960923348903e-02
5.637667960923348903e-02
5.637667960923348903e-02
5.637667960923348903e-02
5.637667960923348903e-02
5.637667960923348903e-02
5.637667960923348903e-02
5.637667960923348903e-02
5.637667960923348903e-02
5.637667960923348903e-02
5.637667960923348903e-02
5.637667960923348903e-02
5.637667960923348903e-02
5.637667960923348903e-02
5.637667960923348903e-02
5.637667960923348903e-02
5.637667960923348903e-02
5.637667960923348903e-02
5.637667960923348903e-02
5.637667960923348903e-02
5.637667960923348903e-02
5.637667960923348903e-02
5.637667960923348903e-02
5.637667960923348903e-02
5.637667960923348903e-02
5.637667960923348903e-02
5.637667960923348903e-02
5.637667960923348903e-02
5.637667960923348903e-02
5.637667960923348903e-02
5.637667960923348903e-02
5.637667960923348903e-02
5.637667960923348903e-02
5.637667960923348903e-02
5.637667960923348903e-02
5.462045316108189025e-02
5.462045316108189025e-02
5.462045316108189025e-02
5.462045316108189025e-02
5.462045316108189025e-02
5.462045316108189025e-02
5.462045316108189025e-02
5.462045316108189025e-02
5.293778716984154364e-02
5.293778716984154364e-02
5.293778716984154364e-02
5.293778716984154364e-02
5.293778716984154364e-02
5.293778716984154364e-02
5.293778716984154364e-02
5.293778716984154364e-02
5.293778716984154364e-02
5.293778716984154364e-02
5.293778716984154364e-02
5.112545797437673123e-02
5.112545797437673123e-02
5.112545797437673123e-02
5.112545797437673123e-02
5.112545797437673123e-02
5.112545797437673123e-02
5.112545797437673123e-02
5.112545797437673123e-02
5.112545797437673123e-02
5.112545797437673123e-02
5.112545797437673123e-02
5.112545797437673123e-02
5.112545797437673123e-02
5.112545797437673123e-02
5.112545797437673123e-02
5.112545797437673123e-02
5.112545797437673123e-02
5.112545797437673123e-02
5.112545797437673123e-02
5.112545797437673123e-02
5.112545797437673123e-02
5.112545797437673123e-02
5.112545797437673123e-02
5.112545797437673123e-02
5.112545797437673123e-02
5.112545797437673123e-02
5.112545797437673123e-02
5.112545797437673123e-02
5.112545797437673123e-02
5.112545797437673123e-02
5.112545797437673123e-02
5.112545797437673123e-02
